% Model:              20-15-10--200%--10-10-10.mph
% Version:            COMSOL 6.1.0.252
% Date:               Sep 6 2024, 16:20
% Dimension:          3
% Nodes:              217
% Expressions:        4
% Description:        线
% x                       y                        z                        磁标势                      u                        v                        w
2.279369206962367         0.006411305749613373     0.1463096972171099       6366.677728619793        0.0571469847401448       0.006411305749613373     0.1463096972171099
2.4210634965603655        0.006328181230138073     0.16623011077674055      6366.732474734143        0.05995238544925444      0.006328181230138072     0.16623011077674055
2.5625407617202467        0.006246862131136278     0.18731294295992393      6366.782768734726        0.06254076172024657      0.006246862131136278     0.18731294295992393
2.7038010024420096        0.006167348452607991     0.2095581937666601       6366.828610621538        0.06491211355312114      0.006167348452607991     0.20955819376666013
2.8448442187256555        0.00608964019455321      0.23296586319694906      6366.870000394583        0.06706644094787818      0.00608964019455321      0.23296586319694906
2.985670410571184         0.006013737356971935     0.2575359512507908       6366.9069380538585       0.0690037439045177       0.006013737356971936     0.2575359512507908
3.1262795779785955        0.00593963993986417      0.2832684579281854       6366.939423599366        0.07072402242303968      0.00593963993986417      0.2832684579281854
3.2666717209478886        0.00586734794322991      0.31016338322913267      6366.9674570311045       0.07222727650344414      0.00586734794322991      0.3101633832291326
3.4068468394790647        0.005796861367069157     0.3382207271536327       6366.991038349074        0.07351350614573106      0.005796861367069157     0.3382207271536327
8.732390842972041         0.0023602361013789776    2.2957535688140465       6367.234596262392        -0.15649804591684863     0.0023602361013789776    2.2957535688140465
8.857470870282668         0.0022698925880467215    2.3625402852876363       6367.237737380666        -0.17030690749510868     0.0022698925880467215    2.3625402852876363
8.982125765780422         0.002205505381386282     2.430075795027575        6367.240130734368        -0.18454090088624442     0.0022055053813862815    2.430075795027575
9.1063555294653           0.0021670744813976606    2.4983600980338623       6367.241776323498        -0.19920002609025583     0.0021670744813976606    2.4983600980338623
9.230160161337302         0.002154599888080856     2.567393194306499        6367.242674148056        -0.21428428310714293     0.002154599888080856     2.567393194306499
9.353539661396429         0.002168081601435869     2.637175083845485        6367.2428242080405       -0.2297936719369057      0.002168081601435869     2.637175083845485
9.47649402964268          0.0022075196214626997    2.7077057666508195       6367.242226503455        -0.24572819257954412     0.0022075196214626997    2.7077057666508195
9.599023266076053         0.002272913948161348     2.778985242722503        6367.240881034296        -0.2620878450350582      0.0022729139481613477    2.778985242722503
9.721127370696554         0.002364264581531813     2.8510135120605358       6367.238787800565        -0.27887262930344797     0.002364264581531813     2.8510135120605358
3.5466355247486256        0.005745757337056204     0.36764874235623696      6366.997255772005        0.07441330252640307      0.005745757337056204     0.36764874235623696
3.6861451242948715        0.0056852715917613756    0.39815473418420755      6367.001660970827        0.07503401318375949      0.005685271591761376     0.39815473418420755
3.8253756381178           0.0056154041311846726    0.4297387026375443       6367.004253945541        0.0753756381178003       0.0056154041311846726    0.4297387026375444
3.9643270662174146        0.005536154955326092     0.4624006477162476       6367.005034696145        0.07543817732852551      0.005536154955326092     0.4624006477162476
4.102999408593712         0.0054475240641856364    0.49614056942031726      6367.004003222642        0.07522163081593511      0.005447524064185637     0.49614056942031726
4.241392665246696         0.005349511457763305     0.5309584677497532       6367.001159525029        0.07472599858002911      0.005349511457763306     0.5309584677497532
4.379506836176363         0.005242117136059099     0.5668543427045554       6366.996503603308        0.0739512806208075       0.005242117136059099     0.5668543427045555
4.517341921382714         0.005125341099073016     0.6038281942847241       6366.990035457478        0.07289747693827028      0.005125341099073016     0.6038281942847241
4.6547429021664986        0.005052177890774056     0.6420978364341725       6367.017095968769        0.07140956883316502      0.005052177890774057     0.6420978364341726
4.791813609847053         0.004975387427162243     0.6813566595814028       6367.042495938443        0.06959138762483091      0.004975387427162243     0.6813566595814028
4.92855404442438          0.004894969708237572     0.7216046637264149       6367.066235366499        0.06744293331326795      0.004894969708237572     0.7216046637264149
5.064964205898476         0.004810924734000048     0.7628418488692086       6367.088314252938        0.06496420589847615      0.004810924734000048     0.7628418488692086
5.201044094269345         0.004723252504449668     0.8050682150097841       6367.1087325977605       0.062155205380455485     0.004723252504449668     0.8050682150097841
5.336793709536984         0.004631953019586432     0.8482837621481414       6367.127490400966        0.059015931759205977     0.004631953019586432     0.8482837621481415
5.472213051701394         0.004537026279410341     0.8924884902842805       6367.144587662555        0.05554638503472761      0.004537026279410341     0.8924884902842806
5.607302120762576         0.004438472283921395     0.9376823994182014       6367.160024382526        0.051746565207020395     0.004438472283921395     0.9376823994182014
7.7164521735001           0.0031373236120321424    1.7887617875300013       6367.089269115826        -0.0613256042776803      0.0031373236120321424    1.7887617875300013
7.844867253969419         0.0030440800104683417    1.8493601337131453       6367.114962982496        -0.07179941269725017     0.0030440800104683417    1.8493601337131453
7.9728758353572164        0.0029497243125423       1.910751516032679        6367.138505999637        -0.08267972019834179     0.0029497243125423       1.910751516032679
8.100477917663492         0.0028542565182540177    1.972935934488601        6367.159898167251        -0.09396652678095517     0.0028542565182540173    1.972935934488601
8.227673500888246         0.0027576766276034923    2.035913389080912        6367.179139485336        -0.10565983244509033     0.0027576766276034923    2.035913389080912
8.354462585031477         0.002659984640590726     2.099683879809612        6367.196229953894        -0.11775963719074725     0.002659984640590726     2.099683879809612
8.480845170093186         0.0025611805572157177    2.164247406674701        6367.211169572921        -0.13026594101792596     0.0025611805572157177    2.164247406674701
8.606821256073374         0.002461264377478469     2.2296039696761794       6367.223958342421        -0.1431787439266264      0.0024612643774784685    2.2296039696761794
5.741954707040354         0.004359053427109131     0.9840845359620144       6367.157006275814        0.04751026259590991      0.004359053427109131     0.9840845359620144
5.876240842901185         0.004280000932716892     1.0313959878612553       6367.152326024609        0.042907509567851256     0.004280000932716892     1.0313959878612553
6.010160528345067         0.00420131480074468      1.0796167551159237       6367.145983628915        0.037938306122844434     0.00420131480074468      1.0796167551159237
6.143713763372001         0.004122995031192494     1.1287468377260195       6367.137979088729        0.032602652260889445     0.004122995031192494     1.1287468377260195
6.276900547981987         0.004045041624060334     1.1787862356915428       6367.128312404052        0.026900547981986284     0.004045041624060334     1.178786235691543
6.409720882175026         0.003967454579348199     1.2297349490124942       6367.116983574885        0.02083199328613496      0.003967454579348199     1.2297349490124942
6.542174765951114         0.0038902338970560925    1.2815929776888728       6367.103992601226        0.014396988173335465     0.0038902338970560925    1.2815929776888728
6.674262199310256         0.0038133795771840106    1.3343603217206792       6367.089339483077        0.007595532643587804     0.0038133795771840106    1.3343603217206792
6.805860195866664         0.0036867438159302233    1.3881875663820724       6367.097605323797        3.0464031110755395E-4    0.0036867438159302233    1.3881875663820722
6.937079835342306         0.003572144844850665     1.4428642220619718       6367.103506982623        -0.007364609102137913    0.003572144844850665     1.442864222061972
7.0679211177371855        0.003469582663945337     1.4983902887603777       6367.107044459557        -0.015412215596148601    0.0034695826639453368    1.4983902887603777
7.198384043051299         0.0033790572732142385    1.5547657664772898       6367.108217754597        -0.023838179170924505    0.0033790572732142385    1.5547657664772898
7.328468611284647         0.0033005686726573706    1.6119906552127081       6367.107026867744        -0.03264249982646563     0.0033005686726573697    1.6119906552127083
7.458174822437229         0.003234116862274731     1.6700649549666329       6367.103471798998        -0.041825177562771966    0.003234116862274731     1.6700649549666329
7.587502676509047         0.0031797018420663217    1.728988665739064        6367.097552548358        -0.051386212379843525    0.0031797018420663217    1.728988665739064
0                         0                        0                        6364.294937526056        0                        0                        0
0.14236316494573867       0.0019301115578676613    1.2125793333708712E-4    6364.620582671193        0.0034742760568497446    0.0019301115578676613    1.2125793333708712E-4
0.28476148319617306       0.00356159008557984      0.001396681467548211     6364.9216762508795       0.006983705418395109     0.00356159008557984      0.001396681467548211
0.427194954751303         0.004894435583136535     0.003826270602633373     6365.1982182651145       0.010528288084636094     0.004894435583136535     0.003826270602633373
0.5696635796111285        0.0059286480505377475    0.00741002533859257      6365.450208713898        0.0141080240555727       0.0059286480505377475    0.00741002533859257
0.7121673577756497        0.006664227487783476     0.012147945675425806     6365.67764759723         0.017722913331204928     0.006664227487783476     0.012147945675425806
0.8547062892448666        0.0071011738948737226    0.018040031613133077     6365.880534915111        0.021372955911532772     0.0071011738948737226    0.018040031613133077
0.9972803740187788        0.007239487271808486     0.025086283151714385     6366.058870667541        0.025058151796556242     0.007239487271808486     0.025086283151714385
1.139889612097387         0.007079167618587764     0.03328670029116973      6366.212654854518        0.028778500986275327     0.007079167618587764     0.03328670029116973
1.2828697479455344        0.006979013385829401     0.043052129909631066     6366.294413407603        0.03286974794553406      0.006979013385829401     0.043052129909631066
1.4256941162251033        0.006883622438538626     0.05406397238445847      6366.369422151423        0.03680522733621421      0.006883622438538626     0.05406397238445847
1.5683627169360936        0.006792994776715443     0.06632222771565191      6366.437681085979        0.04058493915831578      0.006792994776715443     0.06632222771565191
1.7108755500785053        0.006707130400359849     0.0798268959032114       6366.499190211271        0.044208883411838755     0.006707130400359849     0.0798268959032114
1.8532326156523387        0.006626029309471845     0.09457797694713695      6366.553949527298        0.04767706009678314      0.006626029309471846     0.09457797694713696
1.9954339136575932        0.006549691504051431     0.11057547084742855      6366.60195903406         0.050989469213148945     0.006549691504051431     0.11057547084742855
2.1374794440942693        0.006478116984098608     0.1278193776040862       6366.643218731559        0.054146110760936166     0.006478116984098607     0.1278193776040862
10.683282493087987        0.00245485800055209      3.458501523638997        6367.235142009874        -0.42782861802312727     0.00245485800055209      3.458501523638997
10.801069060813731        0.002411112790101081     3.538285623407138        6367.238932653968        -0.4489309391862696      0.002411112790101081     3.538285623407138
10.918290373197529        0.0023657511225227954    3.6187963596013555       6367.242304035908        -0.47059851569135863     0.002365751122522795     3.6187963596013555
11.034946430239383        0.0023187729978172335    3.700033732221648        6367.245256155696        -0.4928313475383943      0.0023187729978172335    3.700033732221648
11.151037231939288        0.0022701784159843952    3.781997741268018        6367.24778901333         -0.5156294347273768      0.0022701784159843952    3.781997741268018
11.26656277829725         0.00221996737702428      3.8646883867404647       6367.249902608809        -0.538992777258306       0.0022199673770242805    3.864688386740464
11.381523069313259        0.0021681398809368893    3.9481056686389864       6367.2515969421365       -0.5629213751311817      0.0021681398809368893    3.9481056686389864
11.495918104987325        0.0021146959277222217    4.0322495869635855       6367.252872013309        -0.5874152283460043      0.0021146959277222217    4.0322495869635855
11.609747885319447        0.002059635517380278     4.1171201417142615       6367.253727822328        -0.6124743369027736      0.002059635517380278     4.1171201417142615
11.722913426994559        0.0020162237942956433    4.202842662075951        6367.269306412731        -0.6381976841165503      0.0020162237942956437    4.202842662075952
11.835539701650609        0.0019702812732853648    4.289209428241485        6367.28155661064         -0.66446029834939        0.0019702812732853648    4.289209428241486
11.947626709287595        0.0019218079543494404    4.376220440210866        6367.290478416057        -0.6912621796012925      0.0019218079543494404    4.376220440210866
12.059174449905518        0.0018708038374878717    4.463875697984093        6367.296071828982        -0.7186033278722581      0.0018708038374878717    4.463875697984093
12.17018292350438         0.0018172689227006582    4.552175201561164        6367.298336849414        -0.7464837431622867      0.0018172689227006582    4.552175201561164
12.280652130084176        0.0017612032099877997    4.641118950942082        6367.297273477354        -0.7749034254713784      0.0017612032099877997    4.641118950942081
12.39058206964491         0.0017026066993492963    4.730706946126844        6367.292881712801        -0.8038623747995329      0.0017026066993492965    4.730706946126844
12.49997274218658         0.0016414793907851485    4.820939187115452        6367.285161555756        -0.8333605911467504      0.0016414793907851485    4.820939187115452
9.843299499727054         0.002489868945227831     2.924035194531177        6367.228858610834        -0.29558938916183375     0.0024898689452278306    2.9240351945311764
9.964927989119966         0.0025828218271185675    2.9978895395665797       6367.221636125647        -0.31284978865781216     0.0025828218271185675    2.9978895395665797
10.086012838875284        0.0026431232272040232    3.072576547166744        6367.217120344999        -0.3306538277913831      0.0026431232272040232    3.072576547166744
10.206554048993011        0.0026707731454841985    3.1480962173316707       6367.215311268892        -0.34900150656254675     0.0026707731454841985    3.1480962173316707
10.326551619473143        0.002665771581959093     3.2244485500613598       6367.216208897326        -0.36789282497130293     0.002665771581959093     3.2244485500613593
10.446005550315682        0.002628118536628706     3.30163354535581         6367.219813230301        -0.38732778301765175     0.0026281185366287063    3.30163354535581
10.564915841520632        0.002557814009493038     3.379651203215023        6367.226124267817        -0.4073063807015932      0.002557814009493038     3.3796512032150225
12.608632469263412        0.0015981984199799244    4.911892604269626        6367.297031244794        -0.8635897529588067      0.0015981984199799244    4.911892604269625
12.716766373697153        0.0015515460139705526    5.003406424962927        6367.308334384123        -0.8943447374139568      0.0015515460139705526    5.003406424962927
12.824374455487796        0.0015015221727570332    5.095480649195355        6367.319070973742        -0.9256255445122009      0.0015015221727570332    5.095480649195354
12.931456714635349        0.0014481268963393663    5.1881152769669105       6367.32924101365         -0.9574321742535391      0.0014481268963393663    5.1881152769669105
13.038013151139804        0.001391360184717552     5.281310308277593        6367.338844503848        -0.9897646266379713      0.001391360184717552     5.281310308277593
13.144043765001168        0.00133122203789159      5.375065743127404        6367.347881444336        -1.0226229016654975      0.00133122203789159      5.375065743127404
13.24954855621944         0.0012677124558614803    5.469381581516343        6367.356351835115        -1.0560069993361176      0.0012677124558614803    5.469381581516343
13.354527524794614        0.0012008314386272232    5.564257823444408        6367.364255676182        -1.089916919649832       0.0012008314386272232    5.564257823444408
13.458845630702859        0.001073811947856725     5.659766501830235        6367.353524829624        -1.1244877026304751      0.001073811947856725     5.659766501830235
13.562668718498793        9.587971935752432E-4     5.755782220184178        6367.343456827897        -1.1595535037234286      9.587971935752432E-4     5.755782220184178
13.665996788182419        8.557871757827785E-4     5.85230497850624         6367.334051670999        -1.1951143229286925      8.557871757827784E-4     5.85230497850624
13.768829839753733        7.647818944793305E-4     5.949334776796418        6367.325309358931        -1.2311701602462661      7.647818944793305E-4     5.949334776796418
13.87116787321274         6.857813496648995E-4     6.0468716150547115       6367.3172298916925       -1.26772101567615        6.857813496648994E-4     6.046871615054712
13.973010888559433        6.187855413394849E-4     6.144915493281124        6367.309813269284        -1.3047668892183446      6.187855413394849E-4     6.1449154932811245
14.074358885793819        5.637944695030874E-4     6.243466411475653        6367.303059491705        -1.3423077808728487      5.637944695030874E-4     6.243466411475652
14.175211864915893        5.208081341557067E-4     6.342524369638299        6367.296968558957        -1.3803436906396636      5.208081341557067E-4     6.342524369638299
16.45182499010991         -0.0016473260921502004   8.843292555912031        6367.405116683999        -2.4370638987789808      -0.0016473260921502004   8.843292555912031
16.541213735683666        -0.001727658032562958    8.951900405358879        6367.398172036696        -2.4865640420941126      -0.001727658032562958    8.951900405358879
16.630201322822057        -0.0017870705670720982   9.06080137238528         6367.391138800843        -2.5364653438446103      -0.0017870705670720978   9.06080137238528
16.718787751525085        -0.0018255636956776193   9.169995456991234        6367.384016976439        -2.5867678040304733      -0.0018255636956776193   9.169995456991234
16.806973021792743        -0.001843137418379523    9.279482659176745        6367.376806563484        -2.6374714226517026      -0.001843137418379523    9.279482659176745
16.89475713362504         -0.0018397917351778083   9.38926297894181         6367.369507561979        -2.688576199708297       -0.0018397917351778087   9.38926297894181
16.982140087021964        -0.0018155266460724761   9.499336416286429        6367.362119971923        -2.7400821352002573      -0.001815526646072476    9.499336416286427
17.06912188198353         -0.0017703421510635252   9.609702971210602        6367.3546437933155       -2.7919892291275836      -0.001770342151063525    9.6097029712106
17.155702518509727        -0.0017042382501509562   9.72036264371433         6367.347079026158        -2.8442974814902753      -0.0017042382501509562   9.72036264371433
15.721912661595779        -8.362857941351681E-4    7.985703689176836        6367.401911469723        -2.055865116181995       -8.362857941351681E-4    7.985703689176836
15.814659995358808        -9.521130630052336E-4    8.091702044314832        6367.401118060298        -2.1020066713078553      -9.521130630052338E-4    8.091702044314834
15.906976388350762        -0.0010638125514129606   8.198043328939658        6367.400665811219        -2.1485791672047907      -0.0010638125514129606   8.19804332893966
15.99886184057164         -0.0011713842593583479   8.304727543051316        6367.400554722486        -2.1955826038728015      -0.0011713842593583479   8.304727543051314
16.090316352021446        -0.0012748281868413965   8.411754686649799        6367.4007847940975       -2.2430169813118868      -0.0012748281868413965   8.411754686649799
16.181339922700175        -0.001374144333862106    8.519124759735114        6367.4013560260555       -2.2908822995220475      -0.0013741443338621063   8.519124759735114
16.271932552607826        -0.0014693327004204767   8.626837762307256        6367.402268418357        -2.3391785585032836      -0.0014693327004204767   8.626837762307256
16.362094241744405        -0.001560393286516508    8.734893694366228        6367.403521971006        -2.3879057582555947      -0.001560393286516508    8.734893694366228
14.27543484200073         3.7360887124442816E-4    6.442019592173705        6367.297555763748        -1.4190096024437158      3.7360887124442816E-4    6.442019592173705
14.375184219201739        2.426579276237967E-4     6.541960903162804        6367.2973262138785       -1.4581491141315934      2.426579276237967E-4     6.541960903162804
14.474459996518926        1.2795530329381234E-4    6.642348302605593        6367.296279909348        -1.4977622257032965      1.2795530329381234E-4    6.642348302605594
14.573262173952285        2.9500998254475093E-5    6.743181790502077        6367.294416850158        -1.5378489371588253      2.9500998254475093E-5    6.743181790502077
14.671590751501821        -5.2704987494215016E-5   6.844461366852252        6367.2917370363075       -1.5784092484981793      -5.2704987494215016E-5   6.8444613668522525
14.76944572916753         -1.1866265395225802E-4   6.946187031656119        6367.288240467796        -1.6194431597213588      -1.1866265395225802E-4   6.94618703165612
14.866827106949417        -1.6837200111965392E-4   7.048358784913679        6367.283927144624        -1.660950670828364       -1.683720011196539E-4    7.048358784913679
14.963734884847476        -2.0183302899640267E-4   7.150976626624931        6367.278797066791        -1.7029317818191942      -2.0183302899640267E-4   7.150976626624931
15.060065812878003        -3.4235822525609136E-4   7.253960324264348        6367.287882723328        -1.7454897426775546      -3.4235822525609136E-4   7.253960324264346
15.155951396355102        -4.6539239276796775E-4   7.357331789097928        6367.298769420959        -1.7884930480893406      -4.6539239276796775E-4   7.357331789097928
15.251391635278782        -5.709355315320319E-4    7.46109102112567         6367.311457159684        -1.8319416980545522      -5.709355315320319E-4    7.46109102112567
15.346386529649033        -6.589876415482837E-4    7.565238020347576        6367.325945939503        -1.8758356925731896      -6.589876415482837E-4    7.565238020347576
15.440936079465859        -7.295487228167234E-4    7.669772786763646        6367.342235760417        -1.9201750316452524      -7.295487228167233E-4    7.669772786763646
15.535040284729256        -7.826187753373504E-4    7.774695320373879        6367.3603266224245       -1.9649597152707408      -7.826187753373505E-4    7.774695320373879
15.628699145439233        -8.181977991101654E-4    7.8800056211782765       6367.380218525526        -2.010189743449655       -8.181977991101654E-4    7.8800056211782765
17.242149580626613        -0.0016086146703973225   9.83181312920897         6367.3527287404095       -2.8967393082622803      -0.0016086146703973225   9.831813129208971
17.328126913013218        -0.0015388746835831562   9.94360781135907         6367.362075111722        -2.9496508647645623      -0.0015388746835831562   9.94360781135907
17.413634515669546        -0.0014950182897084576   10.055746690164627       6367.375118140096        -3.003032150997121       -0.0014950182897084576   10.055746690164627
17.4986723885956          -0.001477045488773227    10.168229765625643       6367.39185782553         -3.0568831669599565      -0.001477045488773227    10.168229765625643
17.583240531791375        -0.001484956280777464    10.281057037742118       6367.412294168025        -3.111203912653069       -0.0014849562807774642   10.281057037742118
17.667338945256876        -0.001518750665721169    10.394228506514052       6367.436427167582        -3.165994388076457       -0.001518750665721169    10.394228506514052
17.7509676289921          -0.0015784286436043415   10.50774417194144        6367.464256824201        -3.221254593230123       -0.0015784286436043415   10.507744171941441
17.834126582997044        -0.0016639902144269818   10.62160403402429        6367.49578313788         -3.276984528114065       -0.0016639902144269818   10.62160403402429
20.833634158879835        -0.004684724267887166    15.360043348257946       6367.69170790279         -5.833032507786828       -0.004684724267887166    15.360043348257946
20.90266462888017         -0.004744403813992619    15.48136386956801        6367.702616824354        -5.902890926675379       -0.004744403813992619    15.48136386956801
20.971539367157316        -0.00480675446975768     15.602749983327804       6367.71412756403         -5.972905077287124       -0.00480675446975768     15.602749983327804
21.040258373711268        -0.004871776235182349    15.72420168953732        6367.72624012182         -6.043074959622064       -0.004871776235182349    15.72420168953732
21.108821648542023        -0.004939469110266626    15.84571898819656        6367.738954497723        -6.113400573680196       -0.004939469110266626    15.84571898819656
21.177229191649584        -0.00500983309501051     15.967301879305527       6367.752270691741        -6.183881919461522       -0.00500983309501051     15.967301879305527
21.24548100303395         -0.005082868189414002    16.08895036286422        6367.76618870387         -6.254518996966041       -0.005082868189414002    16.08895036286422
21.31357708269513         -0.005158574393477102    16.210664438872644       6367.780708534116        -6.325311806193755       -0.005158574393477102    16.210664438872644
21.38151743063311         -0.005236951707199808    16.332444107330787       6367.795830182473        -6.396260347144662       -0.005236951707199808    16.332444107330787
17.916557601892922        -0.0017571306256619562   10.735821151613244       6367.488675948369        -3.3334423981070787      -0.0017571306256619562   10.735821151613244
17.998555054627317        -0.0018479183111305756   10.850309402191238       6367.47892817533         -3.3903338342615728      -0.0018479183111305756   10.850309402191238
18.08011894120023         -0.0019363532708328377   10.965068785758271       6367.466539818764        -3.447658836577548       -0.0019363532708328377   10.965068785758271
18.161249261611665        -0.0020224355047687445   11.080099302314345       6367.451510878671        -3.5054174050550033      -0.0020224355047687445   11.080099302314345
18.241946015861615        -0.0021061650129382947   11.195400951859458       6367.43384135505         -3.5636095396939393      -0.0021061650129382947   11.195400951859458
18.322209203950088        -0.002187541795341489    11.310973734393611       6367.413531247902        -3.622235240494356       -0.002187541795341489    11.310973734393611
18.402038825877078        -0.0022665658519783276   11.426817649916805       6367.390580557227        -3.6812945074562533      -0.0022665658519783276   11.426817649916805
18.481434881642592        -0.00234323718284881     11.54293269842904        6367.3649892830235       -3.7407873405796312      -0.00234323718284881     11.54293269842904
19.697698565630464        -0.003430199665442492    13.431651152881098       6367.441002221841        -4.746745878813973       -0.003430199665442492    13.431651152881098
19.770638450430305        -0.003495055012926223    13.55125370957571        6367.454973499429        -4.812694882903021       -0.003495055012926223    13.551253709575708
19.843311200733           -0.0035628216448470185   13.670990568871005       6367.467922013688        -4.8789110214892135      -0.0035628216448470185   13.670990568871005
19.915716816538556        -0.0036334995612048787   13.79086173076699        6367.479847764617        -4.945394294572549       -0.0036334995612048787   13.79086173076699
19.98785529784697         -0.003707088761999804    13.910867195263663       6367.490750752218        -5.012144702153028       -0.003707088761999804    13.910867195263663
20.059726644658237        -0.003783589247231793    14.031006962361023       6367.50063097649         -5.079162244230651       -0.003783589247231793    14.031006962361023
20.131330856972358        -0.003863001016900847    14.151281032059071       6367.509488437434        -5.146446920805417       -0.003863001016900847    14.151281032059071
20.20266793478934         -0.003945324071006965    14.271689404357804       6367.517323135047        -5.213998731877326       -0.003945324071006965    14.271689404357804
20.273737878109177        -0.004030558409550148    14.392232079257226       6367.524135069332        -5.28181767744638        -0.004030558409550148    14.392232079257226
20.344469175319524        -0.004101152405442577    14.512865612614924       6367.547468384124        -5.34997526912492        -0.004101152405442577    14.512865612614924
20.41498782621158         -0.004174939754592063    14.633597110334737       6367.570119781599        -5.418345507121751       -0.004174939754592063    14.633597110334737
20.485293830785352        -0.004251920456998605    14.754426572416653       6367.592089261756        -5.486928391436872       -0.004251920456998605    14.754426572416657
20.55538718904083         -0.004332094512662203    14.875353998860689       6367.613376824597        -5.555723922070284       -0.004332094512662203    14.875353998860689
20.625267900978017        -0.0044154619215828585   14.996379389666837       6367.633982470121        -5.624732099021984       -0.004415461921582859    14.996379389666837
20.694935966596912        -0.004502022683760571    15.117502744835093       6367.653906198328        -5.693952922291976       -0.004502022683760571    15.117502744835093
20.76439138589752         -0.004591776799195341    15.238724064365464       6367.673148009218        -5.763386391880256       -0.004591776799195341    15.238724064365464
18.560283720801042        -0.0024236855209763043   11.65942857258495        6367.38084107779         -3.8008273903100727      -0.0024236855209763043   11.659428572584952
18.63874979009301         -0.002501283437887144    11.776136645456996       6367.396085209181        -3.8612502099069954      -0.002501283437887144    11.776136645456997
18.716833089518484        -0.0025760309335813294   11.893056917045177       6367.410721677196        -3.9220557993704004      -0.0025760309335813294   11.893056917045177
18.79453361907749         -0.002647928008058861    12.010189387349486       6367.424750481836        -3.9832441587002894      -0.002647928008058861    12.010189387349486
18.871851378770003        -0.002716974661319737    12.12753405636993        6367.438171623099        -4.04481528789666        -0.0027169746613197373   12.12753405636993
18.948786368596046        -0.0027831708933639594   12.245090924106503       6367.450985100988        -4.1067691869595135      -0.002783170893363959    12.245090924106506
19.025338588555595        -0.002846516704191527    12.362859990559214       6367.4631909155005       -4.169105855888849       -0.002846516704191527    12.362859990559215
19.101508038648664        -0.0029070120938024403   12.480841255728054       6367.474789066638        -4.231825294684667       -0.0029070120938024403   12.480841255728054
19.177160173499967        -0.002973722993876194    12.599093794624183       6367.4771687714365       -4.2950620487222535      -0.0029737229938761943   12.599093794624183
19.252489931500246        -0.003040058907201735    12.7175173901626         6367.4776618875485       -4.358621179610861       -0.0030400589072017347   12.717517390162598
19.327497312649502        -0.0031060198337790616   12.836112042343299       6367.476268414977        -4.422502687350493       -0.0031060198337790616   12.836112042343299
19.40218231694774         -0.003171605773608175    12.954877751166288       6367.47298835372         -4.486706571941145       -0.003171605773608175    12.954877751166288
19.476544944394952        -0.003236816726689075    13.07381451663156        6367.467821703778        -4.551232833382819       -0.0032368167266890744   13.07381451663156
19.550585194991147        -0.003301652693021761    13.19292233873912        6367.460768465151        -4.616081471675516       -0.0033016526930217606   13.192922338739121
19.624303068736317        -0.003366113672606233    13.312201217488967       6367.451828637838        -4.681252486819233       -0.0033661136726062333   13.312201217488967
21.449317670295702        -0.00532772615706483     16.454220798524545       6367.847780181966        -6.467348996370959       -0.0053277261570648295   16.454220798524545
21.517017522481098        -0.005415134564001976    16.57602855976371        6367.902773315488        -6.538538033074455       -0.0054151345640019765   16.57602855976371
21.584616987189282        -0.005499176928011247    16.697867391048295       6367.960809583039        -6.609827457255155       -0.005499176928011247    16.697867391048295
21.652116064420273        -0.005579853249092644    16.819737292378292       6368.02188898462         -6.681217268913055       -0.005579853249092644    16.819737292378292
21.71951475417406         -0.005657163527246165    16.941638263753706       6368.0860115202295       -6.752707468048156       -0.005657163527246165    16.941638263753706
21.786813056450644        -0.00573110776247181     17.063570305174533       6368.153177189868        -6.824298054660459       -0.00573110776247181     17.06357030517453
21.85401097125003         -0.00580168595476958     17.18553341664077        6368.223385993536        -6.895989028749963       -0.00580168595476958     17.18553341664077
21.921108498572213        -0.005868898104139476    17.307527598152422       6368.296637931233        -6.967780390316667       -0.005868898104139476    17.307527598152422
21.988156391708912        -0.005956126259328085    17.429501441004867       6368.398289283478        -7.03962138606886        -0.005956126259328086    17.429501441004867
22.055150163610392        -0.006038992847601414    17.55146656630333        6368.50643546318         -7.11151650305627        -0.006038992847601414    17.55146656630333
22.12208981427665         -0.006117497868959465    17.673422974047803       6368.62107647034         -7.183465741278902       -0.0061174978689594655   17.673422974047803
22.188975343707686        -0.006191641323402234    17.7953706642383         6368.742212304957        -7.255469100736753       -0.006191641323402234    17.7953706642383
22.255806751903506        -0.0062614232109297245   17.917309636874805       6368.869842967031        -7.327526581429822       -0.006261423210929724    17.917309636874805
22.322584038864107        -0.006326843531541933    18.039239891957333       6369.003968456562        -7.399638183358111       -0.006326843531541933    18.03923989195733
22.38930720458949         -0.006387902285238862    18.161161429485873       6369.144588773549        -7.47180390652162        -0.006387902285238862    18.161161429485873
22.455976249079647        -0.006444599472020512    18.283074249460427       6369.291703917994        -7.544023750920347       -0.006444599472020512    18.283074249460427
