% Model:              cs0.8.mph
% Version:            COMSOL 6.1.0.252
% Date:               Sep 6 2024, 15:04
% Dimension:          3
% Nodes:              232
% Expressions:        4
% Description:        线
% x                       y                        z                        磁标势                      u                        v                        w
0.9363312939147193        0.007487580365446146     0.03077240843538595      7162.099678669433        0.027240384823809815     0.007487580365446146     0.03077240843538595
1.0709079954880636        0.007245683794005159     0.04157777356530446      7162.1864071041855       0.031946956527024284     0.007245683794005157     0.04157777356530446
1.2052523959185635        0.007027058942380934     0.05405583323222714      7162.2620571543          0.03642122708739436      0.007027058942380934     0.05405583323222714
1.339364495206219         0.0068317058105734725    0.06820658743615393      7162.326628819775        0.04066319650492005      0.0068317058105734725    0.06820658743615392
1.4732442933510301        0.006659624398582775     0.08403003617708486      7162.3801221006115       0.04467286477960134      0.006659624398582775     0.08403003617708488
1.6068917903529971        0.006510814706408844     0.10152617945502         7162.422536996812        0.04845023191143826      0.006510814706408844     0.10152617945501999
1.7403069862121192        0.006385276734051673     0.12069501726995924      7162.453873508371        0.05199529790043076      0.006385276734051673     0.12069501726995924
1.8734898809283973        0.006283010481511269     0.14153654962190265      7162.474131635292        0.05530806274657889      0.006283010481511269     0.14153654962190265
0                         0                        0                        7160.541671283624        0                        0                        0
0.13363417751073212       0.001909685771529559     -5.640755857575973E-5    7160.854839596057        0.0037640476406022505    0.001909685771529559     -5.64075585757599E-5
0.26731083365668307       0.0035393610651895586    0.0013713401850111604    7161.137809298909        0.007570573916423266     0.0035393610651895586    0.0013713401850111602
0.40102996843785266       0.004889025880979995     0.004283243230760758     7161.390580392178        0.011419578827463044     0.004889025880979995     0.004283243230760758
0.5347915818542411        0.005958680218900874     0.008679301578673037     7161.613152875864        0.01531106237372159      0.005958680218900874     0.008679301578673037
0.6685956739058486        0.006748324078952193     0.014559515228747997     7161.805526749971        0.0192450245551989       0.006748324078952193     0.014559515228747998
0.8024422445926744        0.00725795746113395      0.021923884180985634     7161.967702014493        0.023221465371894973     0.007257957461133949     0.021923884180985634
8.516935465283256         -0.00853811499292549     3.3926294884216146       7162.965473639559        -0.5739736256258362      -0.00853811499292549     3.3926294884216146
8.618015114692458         -0.008851031979472145    3.478677215563368        7162.9601616343325       -0.6027641060867631      -0.008851031979472145    3.478677215563368
8.718445675205013         -0.009148727759047633    3.5654221789343556       7162.953538794892        -0.6322036754443398      -0.009148727759047633    3.5654221789343556
8.818227146820915         -0.009431202331651954    3.652864378534577        7162.945605121235        -0.662292333698566       -0.009431202331651954    3.652864378534577
8.917359529540168         -0.009698455697285106    3.7410038143640323       7162.936360613359        -0.6930300808494421      -0.009698455697285106    3.7410038143640323
9.015842823362773         -0.009950487855947094    3.8298404864227233       7162.92580527127         -0.7244169168969679      -0.009950487855947094    3.829840486422723
9.113677028288727         -0.01018729880763791     3.919374394710646        7162.913939094961        -0.7564528418411431      -0.01018729880763791     3.9193743947106467
9.210862144318032         -0.010408888552357562    4.009605539227805        7162.900762084439        -0.7891378556819681      -0.010408888552357562    4.009605539227805
7.034120604619882         -0.00387088177791812     2.2683097461169455       7162.888322082995        -0.23860666810739245     -0.00387088177791812     2.2683097461169455
7.14418741737137          -0.004191107684170715    2.3433171193127773       7162.897441101536        -0.2584099852260331      -0.004191107684170715    2.3433171193127773
7.253625198450368         -0.004510467244000186    2.419150442425563        7162.904268821136        -0.27884233401716463     -0.004510467244000186    2.4191504424255625
7.362433947856875         -0.004828960457406531    2.4958097154553016       7162.908805241793        -0.29990371448078695     -0.004828960457406532    2.4958097154553016
7.470613665590892         -0.005146587324389755    2.573294938401994        7162.911050363508        -0.3215941266169001      -0.005146587324389755    2.573294938401994
7.57816435165242          -0.005463347844949855    2.6516061112656413       7162.911004186285        -0.34391357042550413     -0.005463347844949855    2.651606111265641
7.6850860060414545        -0.005779242019086831    2.7307432340462405       7162.908666710118        -0.3668620459065989      -0.00577924201908683     2.7307432340462405
7.791378628757999         -0.006094269846800682    2.810706306743794        7162.904037935012        -0.3904395530601845      -0.006094269846800682    2.810706306743794
7.896909936960208         -0.006413106888402398    2.8915219314031537       7162.913246237638        -0.41477837472810664     -0.0064131068884023985   2.8915219314031537
8.001814467977168         -0.0067420384945237714   2.9731096422083367       7162.922310615797        -0.43974397358127626     -0.0067420384945237714   2.9731096422083367
8.106092221808877         -0.007081064665164801    3.0554694391593435       7162.931231069486        -0.4653363496196933      -0.007081064665164801    3.0554694391593435
8.209743198455344         -0.007430185400325487    3.1386013222561755       7162.940007598707        -0.49155550284335775     -0.007430185400325488    3.1386013222561755
8.312767397916563         -0.007789400700005833    3.2225052914988317       7162.948640203461        -0.5184014332522698      -0.007789400700005833    3.2225052914988317
8.415164820192533         -0.008158710564205831    3.307181346887311        7162.957128883743        -0.5458741408464293      -0.008158710564205831    3.307181346887311
2.006277592788311         0.006076809878323385     0.16424858491121044      7162.506481856397        0.05822564473636315      0.006076809878323385     0.16424858491121047
2.138718507061647         0.0058688201298862175    0.18848768962899634      7162.535025173462        0.06079642913956831      0.0058688201298862175    0.18848768962899634
2.270812623748402         0.005659041236199765     0.21425386377526026      7162.559761586485        0.06302041595619438      0.005659041236199765     0.21425386377526023
2.402559942848579         0.0054474731972640284    0.24154710735000223      7162.58069109547         0.06489760518624134      0.0054474731972640284    0.24154710735000223
2.5339604643621776        0.0052341160130790106    0.2703674203532223       7162.597813700416        0.06642799682970922      0.0052341160130790106    0.2703674203532223
2.665014188289196         0.005018969683644706     0.30071480278492035      7162.611129401319        0.06761159088659799      0.005018969683644707     0.3007148027849204
2.795721114629636         0.004802034208961119     0.3325892546450966       7162.620638198183        0.06844838735690767      0.004802034208961119     0.3325892546450966
2.925920808827605         0.004624508701603823     0.366121815021919        7162.649054140539        0.0687779516847472       0.004624508701603822     0.36612181502191893
3.05567079568426          0.004441003265479387     0.4010702610952055       7162.6743083319325       0.0686578086712721       0.0044410032654793865    0.4010702610952055
3.1849710751995994        0.004251517900587812     0.4374345928649561       7162.696400772363        0.06808795831648233      0.004251517900587812     0.4374345928649561
3.313821647373625         0.004056052606929098     0.4752148103311709       7162.715331461829        0.06706840062037796      0.004056052606929097     0.47521481033117086
3.4422225122063366        0.003854607384503245     0.5144109134938499       7162.731100400336        0.06559913558295893      0.003854607384503246     0.5144109134938499
3.570173669697732         0.0036471822333102527    0.5550229023529931       7162.743707587877        0.06368016320422526      0.003647182233310253     0.5550229023529931
3.6976751198478137        0.003433777153350123     0.5970507769086003       7162.753153024457        0.061311483484176955     0.003433777153350123     0.5970507769086003
6.245258614902004         -0.0018359442129466806   1.7703173396069134       7162.9224345520715       -0.11837774873436019     -0.0018359442129466806   1.7703173396069134
6.359810947051557         -0.0021126375894205706   1.8386766260926086       7162.919632808272        -0.13369554645493714     -0.0021126375894205706   1.8386766260926086
6.473744025137824         -0.0023940016292113278   1.907963407869264        7162.916140575783        -0.14963259823879954     -0.0023940016292113278   1.907963407869264
6.587057849160805         -0.0026800363323189517   1.9781776849368795       7162.911957854604        -0.1661889040859473      -0.0026800363323189517   1.978177684936879
6.699752419120503         -0.002970741698743443    2.0493194572954554       7162.907084644736        -0.18336446399638048     -0.002970741698743443    2.0493194572954554
6.811827735016915         -0.003266117728484802    2.121388724944992        7162.9015209461795       -0.2011592779700991      -0.003266117728484802    2.121388724944992
6.923283796850042         -0.003566164421543027    2.1943854878854885       7162.895266758931        -0.21957334600710304     -0.003566164421543027    2.1943854878854885
5.425185844707618         1.2639808538619966E-4    1.3219490876055433       7162.851921531364        -0.029359609837836365    1.2639808538619966E-4    1.3219490876055433
5.544132863608883         -1.052813221318311E-4    1.3828860498085245       7162.862149947683        -0.0402827208067014      -1.0528132213183105E-4   1.3828860498085245
5.662481960504698         -3.5317913182636966E-4   1.4448615604201014       7162.872326654788        -0.051803753781017314    -3.531791318263697E-4    1.4448615604201014
5.78023313539506          -6.172953436974159E-4    1.5078756194402732       7162.882451652675        -0.06392270876078411     -6.172953436974159E-4    1.5078756194402732
5.897386388279971         -8.976299577449704E-4    1.57192822686904         7162.892524941348        -0.0766395857460018      -8.976299577449704E-4    1.57192822686904
6.013941719159433         -0.0011941829739690326   1.6370193827064026       7162.902546520806        -0.08995438473667039     -0.0011941829739690326   1.637019382706403
6.129899128033443         -0.0015069543923696028   1.7031490869523604       7162.912516391046        -0.10386710573278984     -0.0015069543923696028   1.7031490869523602
3.824539190301111         0.0031579866065214635    0.6406094434357946       7162.76100806047         0.05830542406734372      0.0031579866065214635    0.6406094434357946
3.9509024336117085        0.0029016979542529913    0.6854467878348738       7162.76951345614         0.054798537507812134     0.0029016979542529913    0.6854467878348738
4.076764849779609         0.002664911196544704     0.7315628101058376       7162.778669211464        0.05079082380558216      0.002664911196544704     0.7315628101058375
4.202126438804809         0.002447626333396603     0.7789575102486862       7162.788475326444        0.046282282960653814     0.002447626333396603     0.7789575102486862
4.326987200687314         0.00224984336480869      0.8276308882634198       7162.7989318010805       0.04127291497302711      0.00224984336480869      0.8276308882634199
4.451347135427118         0.002071562290780961     0.877582944150038        7162.81003863537         0.035762719842702025     0.0020715622907809604    0.877582944150038
4.575206243024225         0.0019127831113134187    0.9288136779085412       7162.821795829316        0.02975169756967857      0.0019127831113134187    0.9288136779085412
4.69832919531292          0.0016636706257541795    0.981504164002586        7162.830835494469        0.02300451998824345      0.0016636706257541795    0.9815041640025858
4.820886382633164         0.0014125296817657713    1.0353518885270445       7162.838296495146        0.015691577438357432     0.0014125296817657713    1.0353518885270445
4.942877804984955         0.0011593602793481942    1.0903568514819164       7162.844178831343        0.007812869920020497     0.0011593602793481942    1.0903568514819166
5.064303462368297         9.041624185014486E-4     1.1465190528672027       7162.848482503064        -6.316025667673547E-4    9.041624185014485E-4     1.1465190528672027
5.185163354783191         6.469360992255346E-4     1.2038384926829024       7162.851207510309        -0.00964184002200611     6.469360992255346E-4     1.2038384926829024
5.305457482229629         3.8768132152045123E-4    1.262315170929016        7162.852353853074        -0.019217842445695785    3.876813215204513E-4     1.262315170929016
9.30781716719918          -0.010555392318454808    4.101086232909958        7162.891364733276        -0.8220529626709493      -0.010555392318454808    4.101086232909959
9.40399629843016          -0.010745622586858797    4.1933166032292775       7162.88539142265         -0.8557439613101007      -0.010745622586858797    4.193316603229278
9.499399538010968         -0.01097957935756953     4.286296650185761        7162.88284215256         -0.8902108515994219      -0.010979579357569531    4.286296650185761
9.594026885941608         -0.011257262630587007    4.380026373779412        7162.883716923006        -0.9254536335389133      -0.011257262630587005    4.380026373779412
9.687878342222078         -0.011578672405911232    4.474505774010227        7162.888015733993        -0.9614723071285751      -0.011578672405911232    4.474505774010228
9.780953906852373         -0.011943808683542195    4.569734850878209        7162.895738585513        -0.9982668723684065      -0.011943808683542195    4.569734850878209
9.873253579832502         -0.012352671463479905    4.665713604383356        7162.906885477571        -1.0358373292584082      -0.012352671463479905    4.665713604383356
13.501454228797511        -0.031616860240870875    10.01092083100955        7163.011425446935        -3.771273043929757       -0.031616860240870875    10.01092083100955
13.559818709893793        -0.03202169808534794     10.128874115858332       7163.020966431125        -3.842778692703608       -0.03202169808534793     10.128874115858332
13.61770307652026         -0.03242900724011692     10.247033291197196       7163.030290274939        -3.914764455947273       -0.03242900724011692     10.247033291197196
13.675107328676905        -0.03283878770517784     10.365398357026137       7163.039396978375        -3.987230333660755       -0.03283878770517784     10.365398357026137
13.732031466363742        -0.03325103948053068     10.48396931334516        7163.048286541437        -4.06017632584405        -0.033251039480530674    10.48396931334516
13.788475489580765        -0.03366576256617544     10.602746160154263       7163.0569589641245       -4.133602432497161       -0.03366576256617544     10.602746160154263
13.844439398327967        -0.03408295696211214     10.721728897453442       7163.065414246433        -4.207508653620088       -0.03408295696211214     10.721728897453442
13.899923192605357        -0.034502622668340754    10.840917525242702       7163.073652388367        -4.2818949892128275      -0.034502622668340754    10.840917525242702
13.954885465060011        -0.03493398652980034     10.960297435781841       7163.063910285179        -4.356802846628304       -0.03493398652980034     10.960297435781841
14.009396179228224        -0.03537093707394434     11.079869371429254       7163.053824183266        -4.432162262330221       -0.03537093707394434     11.079869371429254
14.063455335109998        -0.03581347430077273     11.199633332184936       7163.04339408263         -4.507973236318576       -0.03581347430077273     11.199633332184936
14.11706293270533         -0.03626159821028553     11.319589318048891       7163.032619983266        -4.58423576859337        -0.03626159821028553     11.319589318048891
14.17021897201423         -0.03671530880248275     11.43973732902112        7163.021501885181        -4.660949859154606       -0.03671530880248274     11.43973732902112
14.222923453036683        -0.03717460607736435     11.560077365101618       7163.010039788367        -4.738115508002278       -0.03717460607736435     11.560077365101616
14.275176375772702        -0.03763949003493036     11.680609426290387       7162.998233692831        -4.815732715136392       -0.03763949003493036     11.680609426290387
14.327050198530012        -0.038063725101958025    11.801234597083218       7163.0188861096885       -4.89372902224921        -0.03806372510195802     11.801234597083218
14.378497596665309        -0.038475037565683906    11.922019695976134       7163.037450384742        -4.972151753984048       -0.038475037565683906    11.922019695976134
14.429518570178574        -0.038873427426108005    12.042964722969138       7163.0539265179905       -5.051000910340906       -0.03887342742610801     12.042964722969138
14.480113119069825        -0.03925889468323033     12.164069678062233       7163.0683145094345       -5.130276491319786       -0.03925889468323033     12.164069678062233
14.530281243339056        -0.039631439337050885    12.285334561255416       7163.080614359078        -5.209978496920686       -0.03963143933705089     12.285334561255416
14.580022942986263        -0.039991061387569644    12.406759372548683       7163.090826066913        -5.290106927143607       -0.039991061387569644    12.406759372548683
14.629338218011451        -0.04033776083478664     12.528344111942038       7163.098949632946        -5.370661781988548       -0.04033776083478664     12.528344111942038
9.964564839430881         -0.012732274960213721    4.762580529001962        7162.911836921897        -1.0743961995301572      -0.012732274960213721    4.762580529001962
10.055106068692963        -0.013117330137238427    4.860089707767746        7162.916202568052        -1.1137251001382087      -0.013117330137238429    4.860089707767746
10.144877267618737        -0.013507836994554025    4.958241140680705        7162.919982416035        -1.1538240310825634      -0.013507836994554025    4.958241140680705
10.233878436208206        -0.013903795532160515    5.057034827740844        7162.923176465847        -1.1946929923632206      -0.013903795532160515    5.057034827740844
10.32210957446138         -0.0143052057500579      5.15647076894816         7162.92578471749         -1.2363319839801805      -0.014305205750057903    5.156470768948159
10.409570682378245        -0.014712067648246174    5.2565489643026515       7162.9278071709605       -1.2787410059334432      -0.014712067648246174    5.2565489643026515
10.496261759958808        -0.01512438122672534     5.357269413804321        7162.929243826261        -1.3219200582230088      -0.01512438122672534     5.357269413804321
10.582043734952872        -0.015505833243046625    5.458742913609614        7162.9512026457505       -1.3660082130990736      -0.015505833243046628    5.458742913609615
10.66709179304122         -0.0158895786987433      5.560776564524285        7162.971144064881        -1.4108302848808576      -0.0158895786987433      5.560776564524285
10.751405934223847        -0.01627561759381536     5.6633703665483335       7162.98906808365         -1.4563862735683597      -0.016275617593815357    5.6633703665483335
10.834986158500756        -0.016663949928262808    5.76652431968176         7163.004974702059        -1.5026761791615804      -0.016663949928262808    5.76652431968176
10.917832465871948        -0.017054575702085642    5.870238423924565        7163.0188639201115       -1.5497000016605202      -0.017054575702085642    5.870238423924565
10.999944856337418        -0.017447494915283857    5.974512679276748        7163.0307357378015       -1.597457741065178       -0.017447494915283857    5.974512679276748
11.081323329897174        -0.017842707567857462    6.079347085738307        7163.040590155133        -1.6459493973755548      -0.017842707567857462    6.079347085738307
13.077473161408685        -0.028775347112682315    9.192179951097556        7162.936739057823        -3.286163202227677       -0.028775347112682315    9.192179951097556
13.139605260294532        -0.029161778125565162    9.30839695044701         7162.950935460429        -3.353901233211957       -0.02916177812556516     9.30839695044701
13.20121623418933         -0.02955470894978175     9.424862610961505        7162.9639562235525       -3.4221603891872903      -0.02955470894978175     9.424862610961505
13.262306083093073        -0.029954139585332083    9.541576932641036        7162.975801347194        -3.4909406701536763      -0.029954139585332083    9.541576932641036
13.32287480700576         -0.03036007003221616     9.658539915485607        7162.986470831353        -3.560242076111116       -0.03036007003221616     9.658539915485605
13.3829224059274          -0.030772500290433994    9.775751559495216        7162.99596467603         -3.63006460705961        -0.030772500290433994    9.775751559495216
13.442448879857983        -0.031191430359985558    9.893211864669862        7163.004282881224        -3.7004082629991566      -0.031191430359985558    9.893211864669862
11.161769408542554        -0.0182032726868428      6.184776300430544        7163.028563859517        -1.695373448600303       -0.018203272686842797    6.184776300430545
11.241521224736472        -0.01857123650903758     6.290685037309701        7163.013194951848        -1.7454917622765176      -0.01857123650903758     6.290685037309702
11.320578778478918        -0.01894659903444181     6.39707329637578         7162.994483432126        -1.7963043384041988      -0.01894659903444181     6.397073296375779
11.3989420697699          -0.019329360263055477    6.503941077628777        7162.972429300351        -1.8478111769833463      -0.019329360263055477    6.503941077628777
11.476611098609418        -0.019719520194878593    6.611288381068698        7162.947032556526        -1.9000122780139614      -0.019719520194878597    6.611288381068698
11.553585864997464        -0.02011707882991115     6.719115206695537        7162.918293200645        -1.9529076414960425      -0.02011707882991115     6.719115206695537
11.629866368934048        -0.02052203616815315     6.827421554509298        7162.886211232713        -2.0064972674295904      -0.02052203616815315     6.827421554509298
12.62572845797404         -0.025981956590766422    8.386953422902812        7162.993570488237        -2.828816996571413       -0.025981956590766422    8.386953422902812
12.691957200055104        -0.026358112395659255    8.50110475753784         7162.995507609056        -2.892458384360481       -0.026358112395659255    8.50110475753784
12.757621347320319        -0.02674190152853619     8.615549767684753        7162.994092764345        -2.9566643669653954      -0.02674190152853619     8.615549767684753
12.822720899769685        -0.027133323989397218    8.730288453343547        7162.989325954102        -3.0214349443861575      -0.027133323989397218    8.730288453343547
12.887255857403204        -0.027532379778242345    8.845320814514224        7162.981207178328        -3.086770116622766       -0.02753237977824234     8.845320814514224
12.95122622022088         -0.027939068895071573    8.960646851196788        7162.969736437026        -3.152669883675223       -0.027939068895071573    8.960646851196786
13.014631988222703        -0.028353391339884893    9.07626656339123         7162.954913730189        -3.219134245543526       -0.028353391339884893    9.07626656339123
11.70526330519774         -0.02088344745752345     6.936240842273053        7162.923659976964        -2.0609704610360273      -0.02088344745752345     6.936240842273053
11.78000781438892         -0.021253386248691383    7.045468616561758        7162.957127907712        -2.116096081714977       -0.02125338624869138     7.045468616561758
11.854099896507586        -0.02163185254165694     7.155104877375415        7162.986615024956        -2.17187412946644        -0.02163185254165694     7.155104877375414
11.927539551553735        -0.02201884633642014     7.265149624714021        7163.0121213287          -2.2283046042904173      -0.02201884633642014     7.265149624714021
12.00032677952738         -0.022414367632980978    7.37560285857758         7163.033646818943        -2.2853875061869076      -0.022414367632980978    7.3756028585775795
12.072461580428506        -0.02281841643133944     7.486464578966087        7163.051191495682        -2.3431228351559112      -0.02281841643133944     7.486464578966088
12.143943954257118        -0.023230992731495547    7.597734785879548        7163.064755358921        -2.4015105911974293      -0.023230992731495547    7.597734785879548
12.214597064642616        -0.023598938346810486    7.7094398100081865       7163.0564628959055       -2.460727610682062       -0.023598938346810486    7.7094398100081865
12.284641257457563        -0.023975233702700015    7.821491665952195        7163.047544831483        -2.5205535477372454      -0.023975233702700015    7.821491665952195
12.354076532701956        -0.024359878799164122    7.933890353711576        7163.038001165651        -2.580988402362978       -0.024359878799164125    7.933890353711576
12.422902890375802        -0.024752873636202818    8.046635873286327        7163.02783189841         -2.6420321745592616      -0.024752873636202818    8.046635873286327
12.4911203304791          -0.025154218213816106    8.159728224676451        7163.017037029763        -2.7036848643260956      -0.025154218213816103    8.159728224676453
12.558728853011843        -0.02556391253200397     8.273167407881944        7163.005616559703        -2.765946471663479       -0.02556391253200397     8.273167407881944
14.678340695167297        -0.04061659470575715     12.65053292206424        7163.081983095465        -5.451529434702833       -0.04061659470575715     12.65053292206424
14.72684202240749         -0.040926570647802696    12.772906120416634       7163.0654190936975       -5.53289823733277        -0.04092657064780269     12.772906120416634
14.774842199732028        -0.041267688660923244    12.895463706999223       7163.049257627644        -5.614768189878357       -0.041267688660923244    12.895463706999223
14.822341227140917        -0.041639948745118824    13.018205681812004       7163.033498697305        -5.697139292339596       -0.041639948745118824    13.018205681812002
14.86933910463416         -0.042043350900389444    13.141132044854983       7163.0181423026825       -5.7800115447164915      -0.04204335090038944     13.141132044854984
14.915835832211743        -0.042477895126735055    13.26424279612815        7163.00318844377         -5.863384947009035       -0.04247789512673506     13.264242796128151
14.961831409873676        -0.04294358142415571     13.387537935631517       7162.988637120575        -5.947259499217232       -0.04294358142415571     13.387537935631517
15.007146061850612        -0.043422385684243676    13.510989150492566       7163.010524394909        -6.031814977110425       -0.043422385684243676    13.510989150492566
15.052005086386526        -0.043896649481485396    13.634582362896138       7163.03016604731         -6.116826082444638       -0.043896649481485396    13.634582362896138
15.09640848348143         -0.04436637281588087     13.75831757284223        7163.047562077777        -6.20229281521987        -0.04436637281588088     13.758317572842232
15.140356253135305        -0.0448315556874301      13.882194780330847       7163.062712486313        -6.28821517543612        -0.0448315556874301      13.882194780330847
15.18384839534817         -0.045292198096133114    14.006213985361986       7163.075617272918        -6.374593163093391       -0.045292198096133114    14.006213985361988
15.226884910120008        -0.045748300041989855    14.130375187935645       7163.086276437588        -6.4614267781916785      -0.045748300041989855    14.130375187935645
15.269465797450835        -0.046199861525000364    14.254678388051829       7163.094689980327        -6.5487160207309865      -0.046199861525000364    14.254678388051829
15.311549517021932        -0.04662979526046994     14.379088122440326       7163.110983282961        -6.636502431030019       -0.04662979526046994     14.379088122440326
15.353210856935027        -0.04706690487630767     14.503616074079101       7163.121071369504        -6.724711220987051       -0.04706690487630767     14.503616074079101
15.394449817190123        -0.04751119037251355     14.62826224296815        7163.124954239958        -6.813342390602084       -0.04751119037251355     14.62826224296815
15.43526639778722         -0.047962651749087586    14.753026629107477       7163.122631894323        -6.902395939875117       -0.04796265174908758     14.753026629107477
15.47566059872632         -0.04842128900602978     14.877909232497085       7163.1141043326          -6.991871868806151       -0.04842128900602978     14.877909232497085
15.515632420007412        -0.04888710214334011     15.002910053136967       7163.099371554785        -7.0817701773951836      -0.04888710214334011     15.002910053136967
15.555181861630508        -0.04936009116101862     15.128029091027125       7163.078433560881        -7.172090865642219       -0.04936009116101862     15.128029091027125
15.594302523007128        -0.04978960482718471     15.253197216062924       7163.073224702793        -7.2628403341357295      -0.04978960482718471     15.253197216062924
15.633071493256317        -0.05022246615505497     15.37845050679201        7163.0669332694015       -7.35394149375667        -0.05022246615505497     15.37845050679201
15.67148877237808         -0.050658675144629364    15.50378896321437        7163.059559260708        -7.445394344505037       -0.05065867514462937     15.50378896321437
15.70955436037241         -0.05109823179590793     15.629212585330013       7163.0511026767135       -7.537198886380836       -0.05109823179590794     15.62921258533001
15.747268257239314        -0.051541136108890676    15.754721373138938       7163.04156351742         -7.629355119384065       -0.05154113610889067     15.754721373138938
15.784630462978788        -0.05198738808357755     15.88031532664114        7163.030941782821        -7.721863043514721       -0.05198738808357754     15.88031532664114
15.82164097759083         -0.05243698771996859     16.005994445836627       7163.019237472923        -7.814722658772807       -0.05243698771996859     16.005994445836627
15.858220777650446        -0.052914998612903795    16.13175563118169        7163.033484772022        -7.908012988583319       -0.052914998612903795    16.13175563118169
15.894504485115593        -0.053384563882449235    16.257580552578712       7163.048269968569        -8.001599410988305       -0.053384563882449235    16.257580552578712
15.930492099986264        -0.05384568352860488     16.38346921002769        7163.063593062563        -8.095481925987762       -0.053845683528604874    16.38346921002769
15.966183622262466        -0.05429835755137075     16.50942160352863        7163.0794540540055       -8.18966053358169        -0.05429835755137075     16.50942160352863
16.001579051944194        -0.054742585950746867    16.635437733081528       7163.095852942898        -8.284135233770098       -0.054742585950746867    16.635437733081528
16.036678389031447        -0.05517836872673318     16.761517598686385       7163.112789729235        -8.378906026552972       -0.05517836872673318     16.761517598686385
16.071481633524233        -0.05560570587932973     16.8876612003432         7163.130264413023        -8.473972911930321       -0.05560570587932973     16.8876612003432
16.10593205600412         -0.05607030593660504     17.0138693130499         7163.130688455035        -8.569392619320556       -0.05607030593660504     17.013869313049902
16.140133075700383        -0.056528603356155754    17.14011572255286        7163.130408452955        -8.665061729494427       -0.056528603356155754    17.14011572255286
16.174084692613015        -0.05698059813798186     17.266400428852066       7163.129424406781        -8.760980242451929       -0.05698059813798186     17.266400428852066
16.207786906742           -0.05742629028208338     17.392723431947527       7163.127736316515        -8.85714815819306        -0.05742629028208338     17.39272343194753
16.24123971808737         -0.05786567978846032     17.519084731839246       7163.125344182158        -8.953565476717827       -0.05786567978846033     17.519084731839246
16.2744431266491          -0.05829876665711265     17.645484328527207       7163.122248003706        -9.050232198026224       -0.05829876665711266     17.64548432852721
16.3073971324272          -0.058725550888040406    17.771922222011433       7163.118447781162        -9.147148322118255       -0.058725550888040406    17.771922222011433
16.34005237704062         -0.059166905029023976    17.89843256664661        7163.13583043315         -9.244363207374965       -0.059166905029023976    17.89843256664661
16.372514043391604        -0.05960781262731311     18.024973028555138       7163.150091740202        -9.341771670894113       -0.059607812627313114    18.024973028555138
16.404782131480147        -0.060048273682907834    18.151543607737004       7163.1612317023155       -9.439373712675696       -0.060048273682907834    18.151543607737008
16.436856641306257        -0.06048828819580813     18.278144304192235       7163.169250319494        -9.537169332719715       -0.06048828819580813     18.27814430419223
16.46873757286993         -0.060927856166014004    18.40477511792081        7163.174147591737        -9.635158531026176       -0.06092785616601401     18.404775117920806
16.500424926171164        -0.06136697759352544     18.531436048922725       7163.175923519042        -9.733341307595069       -0.06136697759352544     18.531436048922725
16.531918701209964        -0.06180565247834246     18.658127097197998       7163.1745781014115       -9.831717662426401       -0.06180565247834246     18.658127097197998
16.563148480820644        -0.06222844229743444     18.78482286868788        7163.199543713704        -9.93035801268585        -0.06222844229743444     18.78482286868788
16.59422898361952         -0.06265615755041123     18.911536514272427       7163.224612514187        -10.029147639757102      -0.06265615755041123     18.911536514272427
16.625160209606594        -0.06308879823727287     19.038268033951645       7163.249784502861        -10.128086543640157      -0.06308879823727287     19.038268033951642
16.655942158781865        -0.06352636435801932     19.16501742772552        7163.275059679729        -10.227174724335013      -0.06352636435801932     19.165017427725527
16.686574831145343        -0.06396885591265061     19.291784695594078       7163.30043804479         -10.326412181841674      -0.06396885591265063     19.29178469559408
16.71705822669701         -0.06441627290116672     19.418569837557296       7163.32591959804         -10.425798916160133      -0.06441627290116672     19.4185698375573
16.74739234543687         -0.06486861532356766     19.545372853615184       7163.351504339484        -10.525334927290398      -0.06486861532356766     19.545372853615184
16.77753480030492         -0.0652985468358949      19.672155457287506       7163.358669255713        -10.625062602292484      -0.0652985468358949      19.672155457287502
16.807572396401287        -0.06573027594705887     19.798950055417677       7163.366515298238        -10.724895136066245      -0.06573027594705887     19.798950055417677
16.837505133725976        -0.06616380265705958     19.9257566480057         7163.375042467055        -10.824832528611681      -0.0661638026570596      19.9257566480057
16.86733301227899         -0.06659912696589705     20.052575235051574       7163.38425076217         -10.924874779928796      -0.06659912696589704     20.05257523505157
16.89705603206033         -0.06703624887357129     20.179405816555306       7163.394140183581        -11.025021890017591      -0.06703624887357128     20.179405816555303
16.92667419306999         -0.06747516838008223     20.30624839251688        7163.4047107312845       -11.125273858878057      -0.06747516838008223     20.30624839251688
16.956187495307972        -0.06791588548542996     20.433102962936317       7163.415962405285        -11.225630686510202      -0.06791588548542996     20.433102962936317
16.985591295513245        -0.06836764972637183     20.55994935355414        7163.463693393972        -11.326097016175058      -0.06836764972637184     20.55994935355414
17.014916847388783        -0.06882118324870214     20.68680200498267        7163.514851481022        -11.426641594169654      -0.06882118324870214     20.68680200498267
17.044164150934577        -0.06927648605242084     20.813660917221902       7163.569436666435        -11.52726442049399       -0.06927648605242083     20.813660917221902
17.073333206150632        -0.06973355813752793     20.94052609027184        7163.627448950209        -11.627965495148068      -0.06973355813752793     20.94052609027184
17.102424013036945        -0.07019239950402348     21.06739752413249        7163.68888833235         -11.728744818131887      -0.07019239950402348     21.06739752413249
17.131436571593515        -0.07065301015190739     21.194275218803835       7163.753754812852        -11.82960238944544       -0.07065301015190739     21.194275218803835
17.16037088182035         -0.07111539008117973     21.321159174285892       7163.8220483917175       -11.930538209088738      -0.07111539008117973     21.321159174285892
17.189317107847106        -0.07156164449750106     21.447977275920426       7163.909134605733        -12.03146211293211       -0.07156164449750108     21.447977275920422
17.218229196302314        -0.07200435258923718     21.57478290044243        7163.999959708888        -12.132420154347033      -0.07200435258923718     21.57478290044243
17.24710714718596         -0.07244351435638804     21.701576047851905       7164.09452370118         -12.233412333333511      -0.07244351435638806     21.701576047851905
17.27595096049806         -0.07287912979895365     21.828356718148846       7164.192826582611        -12.334438649891542      -0.07287912979895365     21.828356718148846
17.304760636238612        -0.07331119891693405     21.955124911333268       7164.294868353184        -12.435499104021128      -0.07331119891693405     21.955124911333268
17.333536174407598        -0.07373972171032918     22.081880627405155       7164.400649012891        -12.536593695722264      -0.07373972171032918     22.081880627405152
17.362277575005038        -0.07416469817913907     22.208623866364512       7164.510168561739        -12.637722424994955      -0.07416469817913907     22.208623866364512
